0 1 7 2 8 3 4 5 6 
2 1 7 0 8 3 4 5 6 
2 1 7 8 0 3 4 5 6 
2 1 7 8 5 3 4 0 6 
2 1 7 8 5 3 0 4 6 
2 1 7 0 5 3 8 4 6 
2 1 7 5 0 3 8 4 6 
2 0 7 5 1 3 8 4 6 
2 7 0 5 1 3 8 4 6 
2 7 3 5 1 0 8 4 6 
2 7 3 5 1 6 8 4 0 
2 7 3 5 1 6 8 0 4 
2 7 3 5 1 6 0 8 4 
2 7 3 0 1 6 5 8 4 
2 7 3 1 0 6 5 8 4 
2 0 3 1 7 6 5 8 4 
0 2 3 1 7 6 5 8 4 
1 2 3 0 7 6 5 8 4 
1 2 3 7 0 6 5 8 4 
1 2 3 7 8 6 5 0 4 
1 2 3 7 8 6 0 5 4 
1 2 3 0 8 6 7 5 4 
1 2 3 8 0 6 7 5 4 
1 2 3 8 6 0 7 5 4 
1 2 3 8 6 4 7 5 0 
1 2 3 8 6 4 7 0 5 
1 2 3 8 0 4 7 6 5 
